Dataset {
    Float32 frequency[frequency = 98];
    Grid {
     ARRAY:
        Float32 spectral_wave_density[time = 1][frequency = 98][latitude = 1][longitude = 1];
     MAPS:
        Int32 time[time = 1];
        Float32 frequency[frequency = 98];
        Float32 latitude[latitude = 1];
        Float32 longitude[longitude = 1];
    } spectral_wave_density;
    Grid {
     ARRAY:
        Int32 mean_wave_dir[time = 1][frequency = 98][latitude = 1][longitude = 1];
     MAPS:
        Int32 time[time = 1];
        Float32 frequency[frequency = 98];
        Float32 latitude[latitude = 1];
        Float32 longitude[longitude = 1];
    } mean_wave_dir;
    Grid {
     ARRAY:
        Int32 principal_wave_dir[time = 1][frequency = 98][latitude = 1][longitude = 1];
     MAPS:
        Int32 time[time = 1];
        Float32 frequency[frequency = 98];
        Float32 latitude[latitude = 1];
        Float32 longitude[longitude = 1];
    } principal_wave_dir;
    Grid {
     ARRAY:
        Float32 wave_spectrum_r1[time = 1][frequency = 98][latitude = 1][longitude = 1];
     MAPS:
        Int32 time[time = 1];
        Float32 frequency[frequency = 98];
        Float32 latitude[latitude = 1];
        Float32 longitude[longitude = 1];
    } wave_spectrum_r1;
    Grid {
     ARRAY:
        Float32 wave_spectrum_r2[time = 1][frequency = 98][latitude = 1][longitude = 1];
     MAPS:
        Int32 time[time = 1];
        Float32 frequency[frequency = 98];
        Float32 latitude[latitude = 1];
        Float32 longitude[longitude = 1];
    } wave_spectrum_r2;
} data/swden/42084/42084w9999.nc;
---------------------------------------------
frequency[98]
0.025, 0.03, 0.035, 0.04, 0.045, 0.05, 0.055, 0.06, 0.065, 0.07, 0.075, 0.08, 0.085, 0.09, 0.095, 0.1, 0.105, 0.11, 0.115, 0.12, 0.125, 0.13, 0.135, 0.14, 0.145, 0.15, 0.155, 0.16, 0.165, 0.17, 0.175, 0.18, 0.185, 0.19, 0.195, 0.2, 0.205, 0.21, 0.215, 0.22, 0.225, 0.23, 0.235, 0.24, 0.245, 0.251, 0.26, 0.27, 0.28, 0.29, 0.3, 0.31, 0.32, 0.33, 0.34, 0.35, 0.36, 0.37, 0.38, 0.39, 0.4, 0.41, 0.42, 0.43, 0.44, 0.45, 0.46, 0.47, 0.48, 0.49, 0.5, 0.51, 0.52, 0.53, 0.54, 0.55, 0.56, 0.57, 0.582, 0.6, 0.62, 0.64, 0.66, 0.68, 0.7, 0.72, 0.74, 0.76, 0.78, 0.8, 0.82, 0.84, 0.86, 0.88, 0.9, 0.92, 0.94, 0.96

spectral_wave_density.spectral_wave_density[1][98][1][1]
[0][0][0], 0.0
[0][1][0], 0.0
[0][2][0], 0.0
[0][3][0], 0.0
[0][4][0], 0.0
[0][5][0], 0.0
[0][6][0], 0.0
[0][7][0], 0.0
[0][8][0], 0.0
[0][9][0], 0.0
[0][10][0], 0.0
[0][11][0], 0.0
[0][12][0], 0.0
[0][13][0], 0.0
[0][14][0], 0.0
[0][15][0], 0.0
[0][16][0], 0.0
[0][17][0], 0.007
[0][18][0], 0.007
[0][19][0], 0.013
[0][20][0], 0.04
[0][21][0], 0.067
[0][22][0], 0.06
[0][23][0], 0.14
[0][24][0], 0.227
[0][25][0], 0.367
[0][26][0], 0.635
[0][27][0], 0.668
[0][28][0], 0.601
[0][29][0], 0.581
[0][30][0], 0.568
[0][31][0], 0.354
[0][32][0], 0.234
[0][33][0], 0.194
[0][34][0], 0.174
[0][35][0], 0.174
[0][36][0], 0.134
[0][37][0], 0.087
[0][38][0], 0.147
[0][39][0], 0.214
[0][40][0], 0.14
[0][41][0], 0.08
[0][42][0], 0.06
[0][43][0], 0.073
[0][44][0], 0.094
[0][45][0], 0.073
[0][46][0], 0.087
[0][47][0], 0.06
[0][48][0], 0.06
[0][49][0], 0.02
[0][50][0], 0.053
[0][51][0], 0.033
[0][52][0], 0.053
[0][53][0], 0.02
[0][54][0], 0.02
[0][55][0], 0.02
[0][56][0], 0.013
[0][57][0], 0.013
[0][58][0], 0.027
[0][59][0], 0.013
[0][60][0], 0.027
[0][61][0], 0.013
[0][62][0], 0.013
[0][63][0], 0.027
[0][64][0], 0.027
[0][65][0], 0.02
[0][66][0], 0.02
[0][67][0], 0.013
[0][68][0], 0.013
[0][69][0], 0.013
[0][70][0], 0.007
[0][71][0], 0.007
[0][72][0], 0.013
[0][73][0], 0.007
[0][74][0], 0.007
[0][75][0], 0.007
[0][76][0], 0.007
[0][77][0], 0.007
[0][78][0], 0.007
[0][79][0], 0.0
[0][80][0], 0.007
[0][81][0], 0.007
[0][82][0], 0.0
[0][83][0], 0.0
[0][84][0], 0.0
[0][85][0], 0.0
[0][86][0], 0.0
[0][87][0], 0.0
[0][88][0], 0.0
[0][89][0], 0.0
[0][90][0], 0.0
[0][91][0], 0.0
[0][92][0], 0.0
[0][93][0], 0.0
[0][94][0], 0.0
[0][95][0], 0.0
[0][96][0], 0.0
[0][97][0], 0.0

spectral_wave_density.time[1]
1766458800

spectral_wave_density.frequency[98]
0.025, 0.03, 0.035, 0.04, 0.045, 0.05, 0.055, 0.06, 0.065, 0.07, 0.075, 0.08, 0.085, 0.09, 0.095, 0.1, 0.105, 0.11, 0.115, 0.12, 0.125, 0.13, 0.135, 0.14, 0.145, 0.15, 0.155, 0.16, 0.165, 0.17, 0.175, 0.18, 0.185, 0.19, 0.195, 0.2, 0.205, 0.21, 0.215, 0.22, 0.225, 0.23, 0.235, 0.24, 0.245, 0.251, 0.26, 0.27, 0.28, 0.29, 0.3, 0.31, 0.32, 0.33, 0.34, 0.35, 0.36, 0.37, 0.38, 0.39, 0.4, 0.41, 0.42, 0.43, 0.44, 0.45, 0.46, 0.47, 0.48, 0.49, 0.5, 0.51, 0.52, 0.53, 0.54, 0.55, 0.56, 0.57, 0.582, 0.6, 0.62, 0.64, 0.66, 0.68, 0.7, 0.72, 0.74, 0.76, 0.78, 0.8, 0.82, 0.84, 0.86, 0.88, 0.9, 0.92, 0.94, 0.96

spectral_wave_density.latitude[1]
28.988

spectral_wave_density.longitude[1]
-89.649


mean_wave_dir.mean_wave_dir[1][98][1][1]
[0][0][0], 140
[0][1][0], 132
[0][2][0], 168
[0][3][0], 172
[0][4][0], 164
[0][5][0], 152
[0][6][0], 132
[0][7][0], 144
[0][8][0], 132
[0][9][0], 120
[0][10][0], 132
[0][11][0], 160
[0][12][0], 184
[0][13][0], 136
[0][14][0], 128
[0][15][0], 140
[0][16][0], 144
[0][17][0], 144
[0][18][0], 148
[0][19][0], 148
[0][20][0], 144
[0][21][0], 144
[0][22][0], 144
[0][23][0], 140
[0][24][0], 140
[0][25][0], 140
[0][26][0], 140
[0][27][0], 140
[0][28][0], 136
[0][29][0], 140
[0][30][0], 148
[0][31][0], 152
[0][32][0], 148
[0][33][0], 152
[0][34][0], 156
[0][35][0], 156
[0][36][0], 156
[0][37][0], 152
[0][38][0], 152
[0][39][0], 152
[0][40][0], 164
[0][41][0], 160
[0][42][0], 156
[0][43][0], 156
[0][44][0], 156
[0][45][0], 156
[0][46][0], 152
[0][47][0], 156
[0][48][0], 156
[0][49][0], 156
[0][50][0], 156
[0][51][0], 160
[0][52][0], 156
[0][53][0], 156
[0][54][0], 160
[0][55][0], 164
[0][56][0], 160
[0][57][0], 160
[0][58][0], 152
[0][59][0], 136
[0][60][0], 140
[0][61][0], 124
[0][62][0], 128
[0][63][0], 116
[0][64][0], 120
[0][65][0], 120
[0][66][0], 120
[0][67][0], 112
[0][68][0], 116
[0][69][0], 120
[0][70][0], 108
[0][71][0], 132
[0][72][0], 104
[0][73][0], 100
[0][74][0], 84
[0][75][0], 88
[0][76][0], 104
[0][77][0], 112
[0][78][0], 104
[0][79][0], 92
[0][80][0], 104
[0][81][0], 100
[0][82][0], 92
[0][83][0], 104
[0][84][0], 116
[0][85][0], 96
[0][86][0], 88
[0][87][0], 100
[0][88][0], 104
[0][89][0], 100
[0][90][0], 108
[0][91][0], 104
[0][92][0], 96
[0][93][0], 104
[0][94][0], 96
[0][95][0], 76
[0][96][0], 80
[0][97][0], 96

mean_wave_dir.time[1]
1766458800

mean_wave_dir.frequency[98]
0.025, 0.03, 0.035, 0.04, 0.045, 0.05, 0.055, 0.06, 0.065, 0.07, 0.075, 0.08, 0.085, 0.09, 0.095, 0.1, 0.105, 0.11, 0.115, 0.12, 0.125, 0.13, 0.135, 0.14, 0.145, 0.15, 0.155, 0.16, 0.165, 0.17, 0.175, 0.18, 0.185, 0.19, 0.195, 0.2, 0.205, 0.21, 0.215, 0.22, 0.225, 0.23, 0.235, 0.24, 0.245, 0.251, 0.26, 0.27, 0.28, 0.29, 0.3, 0.31, 0.32, 0.33, 0.34, 0.35, 0.36, 0.37, 0.38, 0.39, 0.4, 0.41, 0.42, 0.43, 0.44, 0.45, 0.46, 0.47, 0.48, 0.49, 0.5, 0.51, 0.52, 0.53, 0.54, 0.55, 0.56, 0.57, 0.582, 0.6, 0.62, 0.64, 0.66, 0.68, 0.7, 0.72, 0.74, 0.76, 0.78, 0.8, 0.82, 0.84, 0.86, 0.88, 0.9, 0.92, 0.94, 0.96

mean_wave_dir.latitude[1]
28.988

mean_wave_dir.longitude[1]
-89.649


principal_wave_dir.principal_wave_dir[1][98][1][1]
[0][0][0], 208
[0][1][0], 176
[0][2][0], 176
[0][3][0], 172
[0][4][0], 168
[0][5][0], 168
[0][6][0], 156
[0][7][0], 124
[0][8][0], 128
[0][9][0], 120
[0][10][0], 128
[0][11][0], 128
[0][12][0], 96
[0][13][0], 104
[0][14][0], 116
[0][15][0], 128
[0][16][0], 136
[0][17][0], 140
[0][18][0], 144
[0][19][0], 144
[0][20][0], 144
[0][21][0], 144
[0][22][0], 144
[0][23][0], 140
[0][24][0], 136
[0][25][0], 140
[0][26][0], 140
[0][27][0], 140
[0][28][0], 136
[0][29][0], 140
[0][30][0], 148
[0][31][0], 148
[0][32][0], 140
[0][33][0], 148
[0][34][0], 148
[0][35][0], 152
[0][36][0], 156
[0][37][0], 144
[0][38][0], 148
[0][39][0], 148
[0][40][0], 160
[0][41][0], 152
[0][42][0], 148
[0][43][0], 152
[0][44][0], 156
[0][45][0], 152
[0][46][0], 148
[0][47][0], 152
[0][48][0], 152
[0][49][0], 152
[0][50][0], 152
[0][51][0], 156
[0][52][0], 156
[0][53][0], 152
[0][54][0], 156
[0][55][0], 164
[0][56][0], 164
[0][57][0], 160
[0][58][0], 152
[0][59][0], 140
[0][60][0], 144
[0][61][0], 132
[0][62][0], 144
[0][63][0], 112
[0][64][0], 120
[0][65][0], 112
[0][66][0], 128
[0][67][0], 104
[0][68][0], 104
[0][69][0], 132
[0][70][0], 112
[0][71][0], 156
[0][72][0], 100
[0][73][0], 92
[0][74][0], 76
[0][75][0], 76
[0][76][0], 108
[0][77][0], 116
[0][78][0], 96
[0][79][0], 80
[0][80][0], 104
[0][81][0], 88
[0][82][0], 84
[0][83][0], 96
[0][84][0], 100
[0][85][0], 88
[0][86][0], 92
[0][87][0], 88
[0][88][0], 96
[0][89][0], 88
[0][90][0], 76
[0][91][0], 92
[0][92][0], 84
[0][93][0], 88
[0][94][0], 80
[0][95][0], 52
[0][96][0], 64
[0][97][0], 52

principal_wave_dir.time[1]
1766458800

principal_wave_dir.frequency[98]
0.025, 0.03, 0.035, 0.04, 0.045, 0.05, 0.055, 0.06, 0.065, 0.07, 0.075, 0.08, 0.085, 0.09, 0.095, 0.1, 0.105, 0.11, 0.115, 0.12, 0.125, 0.13, 0.135, 0.14, 0.145, 0.15, 0.155, 0.16, 0.165, 0.17, 0.175, 0.18, 0.185, 0.19, 0.195, 0.2, 0.205, 0.21, 0.215, 0.22, 0.225, 0.23, 0.235, 0.24, 0.245, 0.251, 0.26, 0.27, 0.28, 0.29, 0.3, 0.31, 0.32, 0.33, 0.34, 0.35, 0.36, 0.37, 0.38, 0.39, 0.4, 0.41, 0.42, 0.43, 0.44, 0.45, 0.46, 0.47, 0.48, 0.49, 0.5, 0.51, 0.52, 0.53, 0.54, 0.55, 0.56, 0.57, 0.582, 0.6, 0.62, 0.64, 0.66, 0.68, 0.7, 0.72, 0.74, 0.76, 0.78, 0.8, 0.82, 0.84, 0.86, 0.88, 0.9, 0.92, 0.94, 0.96

principal_wave_dir.latitude[1]
28.988

principal_wave_dir.longitude[1]
-89.649


wave_spectrum_r1.wave_spectrum_r1[1][98][1][1]
[0][0][0], 0.31
[0][1][0], 0.47
[0][2][0], 0.62
[0][3][0], 0.56
[0][4][0], 0.44
[0][5][0], 0.3
[0][6][0], 0.4
[0][7][0], 0.46
[0][8][0], 0.47
[0][9][0], 0.43
[0][10][0], 0.37
[0][11][0], 0.29
[0][12][0], 0.4
[0][13][0], 0.39
[0][14][0], 0.7
[0][15][0], 0.7
[0][16][0], 0.68
[0][17][0], 0.77
[0][18][0], 0.81
[0][19][0], 0.81
[0][20][0], 0.9
[0][21][0], 0.92
[0][22][0], 0.95
[0][23][0], 0.96
[0][24][0], 0.97
[0][25][0], 0.97
[0][26][0], 0.97
[0][27][0], 0.98
[0][28][0], 0.97
[0][29][0], 0.98
[0][30][0], 0.97
[0][31][0], 0.94
[0][32][0], 0.87
[0][33][0], 0.87
[0][34][0], 0.88
[0][35][0], 0.88
[0][36][0], 0.9
[0][37][0], 0.85
[0][38][0], 0.9
[0][39][0], 0.92
[0][40][0], 0.92
[0][41][0], 0.83
[0][42][0], 0.82
[0][43][0], 0.88
[0][44][0], 0.91
[0][45][0], 0.88
[0][46][0], 0.88
[0][47][0], 0.88
[0][48][0], 0.91
[0][49][0], 0.81
[0][50][0], 0.9
[0][51][0], 0.86
[0][52][0], 0.95
[0][53][0], 0.87
[0][54][0], 0.88
[0][55][0], 0.89
[0][56][0], 0.85
[0][57][0], 0.83
[0][58][0], 0.89
[0][59][0], 0.77
[0][60][0], 0.83
[0][61][0], 0.66
[0][62][0], 0.7
[0][63][0], 0.75
[0][64][0], 0.8
[0][65][0], 0.73
[0][66][0], 0.78
[0][67][0], 0.8
[0][68][0], 0.64
[0][69][0], 0.72
[0][70][0], 0.62
[0][71][0], 0.67
[0][72][0], 0.74
[0][73][0], 0.72
[0][74][0], 0.73
[0][75][0], 0.71
[0][76][0], 0.74
[0][77][0], 0.71
[0][78][0], 0.77
[0][79][0], 0.68
[0][80][0], 0.63
[0][81][0], 0.67
[0][82][0], 0.58
[0][83][0], 0.63
[0][84][0], 0.54
[0][85][0], 0.61
[0][86][0], 0.57
[0][87][0], 0.53
[0][88][0], 0.51
[0][89][0], 0.45
[0][90][0], 0.4
[0][91][0], 0.49
[0][92][0], 0.54
[0][93][0], 0.61
[0][94][0], 0.57
[0][95][0], 0.49
[0][96][0], 0.54
[0][97][0], 0.56

wave_spectrum_r1.time[1]
1766458800

wave_spectrum_r1.frequency[98]
0.025, 0.03, 0.035, 0.04, 0.045, 0.05, 0.055, 0.06, 0.065, 0.07, 0.075, 0.08, 0.085, 0.09, 0.095, 0.1, 0.105, 0.11, 0.115, 0.12, 0.125, 0.13, 0.135, 0.14, 0.145, 0.15, 0.155, 0.16, 0.165, 0.17, 0.175, 0.18, 0.185, 0.19, 0.195, 0.2, 0.205, 0.21, 0.215, 0.22, 0.225, 0.23, 0.235, 0.24, 0.245, 0.251, 0.26, 0.27, 0.28, 0.29, 0.3, 0.31, 0.32, 0.33, 0.34, 0.35, 0.36, 0.37, 0.38, 0.39, 0.4, 0.41, 0.42, 0.43, 0.44, 0.45, 0.46, 0.47, 0.48, 0.49, 0.5, 0.51, 0.52, 0.53, 0.54, 0.55, 0.56, 0.57, 0.582, 0.6, 0.62, 0.64, 0.66, 0.68, 0.7, 0.72, 0.74, 0.76, 0.78, 0.8, 0.82, 0.84, 0.86, 0.88, 0.9, 0.92, 0.94, 0.96

wave_spectrum_r1.latitude[1]
28.988

wave_spectrum_r1.longitude[1]
-89.649


wave_spectrum_r2.wave_spectrum_r2[1][98][1][1]
[0][0][0], 0.35
[0][1][0], 0.32
[0][2][0], 0.54
[0][3][0], 0.66
[0][4][0], 0.61
[0][5][0], 0.25
[0][6][0], 0.05
[0][7][0], 0.35
[0][8][0], 0.44
[0][9][0], 0.39
[0][10][0], 0.5
[0][11][0], 0.41
[0][12][0], 0.06
[0][13][0], 0.49
[0][14][0], 0.64
[0][15][0], 0.74
[0][16][0], 0.67
[0][17][0], 0.68
[0][18][0], 0.69
[0][19][0], 0.68
[0][20][0], 0.87
[0][21][0], 0.87
[0][22][0], 0.92
[0][23][0], 0.91
[0][24][0], 0.91
[0][25][0], 0.89
[0][26][0], 0.91
[0][27][0], 0.92
[0][28][0], 0.92
[0][29][0], 0.93
[0][30][0], 0.92
[0][31][0], 0.86
[0][32][0], 0.74
[0][33][0], 0.7
[0][34][0], 0.66
[0][35][0], 0.69
[0][36][0], 0.75
[0][37][0], 0.7
[0][38][0], 0.81
[0][39][0], 0.85
[0][40][0], 0.79
[0][41][0], 0.56
[0][42][0], 0.61
[0][43][0], 0.71
[0][44][0], 0.8
[0][45][0], 0.79
[0][46][0], 0.81
[0][47][0], 0.78
[0][48][0], 0.78
[0][49][0], 0.53
[0][50][0], 0.72
[0][51][0], 0.67
[0][52][0], 0.88
[0][53][0], 0.73
[0][54][0], 0.71
[0][55][0], 0.74
[0][56][0], 0.62
[0][57][0], 0.67
[0][58][0], 0.69
[0][59][0], 0.43
[0][60][0], 0.57
[0][61][0], 0.21
[0][62][0], 0.16
[0][63][0], 0.33
[0][64][0], 0.45
[0][65][0], 0.2
[0][66][0], 0.39
[0][67][0], 0.59
[0][68][0], 0.05
[0][69][0], 0.28
[0][70][0], 0.21
[0][71][0], 0.07
[0][72][0], 0.46
[0][73][0], 0.37
[0][74][0], 0.36
[0][75][0], 0.46
[0][76][0], 0.51
[0][77][0], 0.32
[0][78][0], 0.68
[0][79][0], 0.5
[0][80][0], 0.32
[0][81][0], 0.55
[0][82][0], 0.54
[0][83][0], 0.5
[0][84][0], 0.61
[0][85][0], 0.67
[0][86][0], 0.61
[0][87][0], 0.37
[0][88][0], 0.67
[0][89][0], 0.51
[0][90][0], 0.28
[0][91][0], 0.56
[0][92][0], 0.72
[0][93][0], 0.5
[0][94][0], 0.41
[0][95][0], 0.25
[0][96][0], 0.21
[0][97][0], 0.15

wave_spectrum_r2.time[1]
1766458800

wave_spectrum_r2.frequency[98]
0.025, 0.03, 0.035, 0.04, 0.045, 0.05, 0.055, 0.06, 0.065, 0.07, 0.075, 0.08, 0.085, 0.09, 0.095, 0.1, 0.105, 0.11, 0.115, 0.12, 0.125, 0.13, 0.135, 0.14, 0.145, 0.15, 0.155, 0.16, 0.165, 0.17, 0.175, 0.18, 0.185, 0.19, 0.195, 0.2, 0.205, 0.21, 0.215, 0.22, 0.225, 0.23, 0.235, 0.24, 0.245, 0.251, 0.26, 0.27, 0.28, 0.29, 0.3, 0.31, 0.32, 0.33, 0.34, 0.35, 0.36, 0.37, 0.38, 0.39, 0.4, 0.41, 0.42, 0.43, 0.44, 0.45, 0.46, 0.47, 0.48, 0.49, 0.5, 0.51, 0.52, 0.53, 0.54, 0.55, 0.56, 0.57, 0.582, 0.6, 0.62, 0.64, 0.66, 0.68, 0.7, 0.72, 0.74, 0.76, 0.78, 0.8, 0.82, 0.84, 0.86, 0.88, 0.9, 0.92, 0.94, 0.96

wave_spectrum_r2.latitude[1]
28.988

wave_spectrum_r2.longitude[1]
-89.649


